accuracy: 0.8920612813370473
weightedPrecision: 0.8841171545277794
weightedRecall: 0.8920612813370474
f1: 0.8838880747073548
roc_auc: 0.908815184521702
confusion_matrix: [{'label': 0.0, 'prediction': 0.0, 'count': 8089}, {'label': 1.0, 'prediction': 0.0, 'count': 800}, {'label': 0.0, 'prediction': 1.0, 'count': 285}, {'label': 1.0, 'prediction': 1.0, 'count': 878}]
training_sample_count: 50000
train_count: 39948
test_count: 10052
